At time 1730627435.308742912
- Translation: [1.194, -0.009, 0.000]
- Rotation: in Quaternion [0.000, 0.000, -0.031, 1.000]
- Rotation: in RPY (radian) [0.000, 0.000, -0.061]
- Rotation: in RPY (degree) [0.000, 0.000, -3.501]
- Matrix:
  0.998  0.061  0.000  1.194
 -0.061  0.998 -0.000 -0.009
 -0.000  0.000  1.000  0.000
  0.000  0.000  0.000  1.000
At time 1730627436.300979716
- Translation: [1.570, 0.785, 0.000]
- Rotation: in Quaternion [0.000, 0.000, 0.335, 0.942]
- Rotation: in RPY (radian) [0.000, -0.000, 0.682]
- Rotation: in RPY (degree) [0.000, -0.000, 39.098]
- Matrix:
  0.776 -0.631  0.000  1.570
  0.631  0.776  0.000  0.785
  0.000  0.000  1.000  0.000
  0.000  0.000  0.000  1.000
At time 1730627437.309469088
- Translation: [2.077, 0.467, 0.000]
- Rotation: in Quaternion [0.000, 0.000, 0.487, 0.873]
- Rotation: in RPY (radian) [0.000, -0.000, 1.018]
- Rotation: in RPY (degree) [0.000, -0.000, 58.324]
- Matrix:
  0.525 -0.851  0.000  2.077
  0.851  0.525  0.000  0.467
  0.000  0.000  1.000  0.000
  0.000  0.000  0.000  1.000
At time 1730627438.300594494
- Translation: [1.992, 1.298, 0.000]
- Rotation: in Quaternion [0.000, 0.000, 0.580, 0.814]
- Rotation: in RPY (radian) [0.000, -0.000, 1.238]
- Rotation: in RPY (degree) [0.000, -0.000, 70.941]
- Matrix:
  0.327 -0.945  0.000  1.992
  0.945  0.327  0.000  1.298
  0.000  0.000  1.000  0.000
  0.000  0.000  0.000  1.000
At time 1730627439.308562440
- Translation: [1.690, 1.446, 0.000]
- Rotation: in Quaternion [0.000, 0.000, 0.639, 0.769]
- Rotation: in RPY (radian) [0.000, -0.000, 1.387]
- Rotation: in RPY (degree) [0.000, -0.000, 79.464]
- Matrix:
  0.183 -0.983  0.000  1.690
  0.983  0.183  0.000  1.446
  0.000  0.000  1.000  0.000
  0.000  0.000  0.000  1.000
At time 1730627440.300555848
- Translation: [2.005, 1.661, 0.000]
- Rotation: in Quaternion [0.000, 0.000, 0.508, 0.861]
- Rotation: in RPY (radian) [0.000, -0.000, 1.066]
- Rotation: in RPY (degree) [0.000, -0.000, 61.074]
- Matrix:
  0.484 -0.875  0.000  2.005
  0.875  0.484  0.000  1.661
  0.000  0.000  1.000  0.000
  0.000  0.000  0.000  1.000
At time 1730627441.308658396
- Translation: [1.867, 0.091, 0.000]
- Rotation: in Quaternion [0.000, 0.000, -0.505, 0.863]
- Rotation: in RPY (radian) [0.000, 0.000, -1.058]
- Rotation: in RPY (degree) [0.000, 0.000, -60.637]
- Matrix:
  0.490  0.872  0.000  1.867
 -0.872  0.490 -0.000  0.091
 -0.000  0.000  1.000  0.000
  0.000  0.000  0.000  1.000
At time 1730627442.300298867
- Translation: [1.170, -0.991, 0.000]
- Rotation: in Quaternion [0.000, 0.000, -0.851, 0.526]
- Rotation: in RPY (radian) [0.000, 0.000, -2.035]
- Rotation: in RPY (degree) [0.000, 0.000, -116.574]
- Matrix:
 -0.447  0.894  0.000  1.170
 -0.894 -0.447 -0.000 -0.991
 -0.000  0.000  1.000  0.000
  0.000  0.000  0.000  1.000
At time 1730627443.308563005
- Translation: [0.372, -1.195, 0.000]
- Rotation: in Quaternion [0.000, 0.000, 0.905, -0.425]
- Rotation: in RPY (radian) [0.000, -0.000, -2.265]
- Rotation: in RPY (degree) [0.000, -0.000, -129.758]
- Matrix:
 -0.640  0.769  0.000  0.372
 -0.769 -0.640  0.000 -1.195
  0.000  0.000  1.000  0.000
  0.000  0.000  0.000  1.000
At time 1730627444.300493862
- Translation: [1.199, -1.913, 0.000]
- Rotation: in Quaternion [0.000, 0.000, -0.624, 0.781]
- Rotation: in RPY (radian) [0.000, 0.000, -1.348]
- Rotation: in RPY (degree) [0.000, 0.000, -77.252]
- Matrix:
  0.221  0.975  0.000  1.199
 -0.975  0.221 -0.000 -1.913
 -0.000  0.000  1.000  0.000
  0.000  0.000  0.000  1.000
At time 1730627445.308812929
- Translation: [1.824, -0.721, 0.000]
- Rotation: in Quaternion [0.000, 0.000, -0.171, 0.985]
- Rotation: in RPY (radian) [0.000, 0.000, -0.344]
- Rotation: in RPY (degree) [0.000, 0.000, -19.735]
- Matrix:
  0.941  0.338  0.000  1.824
 -0.338  0.941 -0.000 -0.721
 -0.000  0.000  1.000  0.000
  0.000  0.000  0.000  1.000
At time 1730627446.301141626
- Translation: [1.015, -0.181, 0.000]
- Rotation: in Quaternion [0.000, 0.000, 0.013, 1.000]
- Rotation: in RPY (radian) [0.000, -0.000, 0.027]
- Rotation: in RPY (degree) [0.000, -0.000, 1.520]
- Matrix:
  1.000 -0.027  0.000  1.015
  0.027  1.000  0.000 -0.181
  0.000  0.000  1.000  0.000
  0.000  0.000  0.000  1.000
At time 1730627447.308555540
- Translation: [0.514, -0.044, 0.000]
- Rotation: in Quaternion [0.000, 0.000, 0.102, 0.995]
- Rotation: in RPY (radian) [0.000, -0.000, 0.204]
- Rotation: in RPY (degree) [0.000, -0.000, 11.698]
- Matrix:
  0.979 -0.203  0.000  0.514
  0.203  0.979  0.000 -0.044
  0.000  0.000  1.000  0.000
  0.000  0.000  0.000  1.000
At time 1730627448.300542052
- Translation: [0.260, -0.011, 0.000]
- Rotation: in Quaternion [0.000, 0.000, 0.144, 0.990]
- Rotation: in RPY (radian) [0.000, -0.000, 0.288]
- Rotation: in RPY (degree) [0.000, -0.000, 16.529]
- Matrix:
  0.959 -0.284  0.000  0.260
  0.284  0.959  0.000 -0.011
  0.000  0.000  1.000  0.000
  0.000  0.000  0.000  1.000
At time 1730627449.309121362
- Translation: [0.129, -0.003, 0.000]
- Rotation: in Quaternion [0.000, 0.000, 0.165, 0.986]
- Rotation: in RPY (radian) [0.000, -0.000, 0.331]
- Rotation: in RPY (degree) [0.000, -0.000, 18.958]
- Matrix:
  0.946 -0.325  0.000  0.129
  0.325  0.946  0.000 -0.003
  0.000  0.000  1.000  0.000
  0.000  0.000  0.000  1.000
